Title,Source,Description
Apple Gets Its Mojo Back After a Shaky Start to 2023,Yahoo Entertainment,"(Bloomberg) -- After a shaky start to the year, Apple Inc.’s stock has once again reclaimed the mantle of the go-to investment in Big Tech, even winning..."
Walmart Starts Making Inroads In Amazon's Forte By Transforming Business Model; Targets Affluent Customers,Yahoo Entertainment,Walmart Inc’s (NYSE: WMT) online subscription service Walmart+ met success with inflation-sensitive higher-income households as the retailer prioritizes the ...
